2.000000	3.557841	1.245023	1.832983	
2.000000	3.530359	1.343630	1.826147	
2.000000	3.562090	1.269506	1.833308	
2.000000	3.595162	1.291797	1.836889	
2.000000	3.655540	1.274419	1.825496	
2.000000	3.614334	1.247394	1.831355	
2.000000	3.514635	1.204997	1.830379	
2.000000	3.649248	1.241854	1.836889	
6.000000	3.508622	1.175915	1.850560	
6.000000	3.520321	1.378232	1.974576	
6.000000	3.679207	1.471365	2.098592	
6.000000	3.732595	1.560768	2.260040	
6.000000	3.733004	1.704699	2.429301	
6.000000	3.668841	1.851234	2.585542	
6.000000	3.950318	1.996681	2.740806	
6.000000	3.870888	2.092834	2.907462	
6.000000	3.794752	2.116366	3.081931	
6.000000	3.990900	2.308551	3.262584	
6.000000	3.948314	2.325125	3.449422	
6.000000	3.934325	2.270538	3.629424	
6.000000	4.025077	2.384372	3.818866	
6.000000	3.939347	2.423962	3.995938	
6.000000	3.962995	2.448197	4.195470	
6.000000	4.010373	2.537262	4.357245	
6.000000	3.945838	2.516442	4.560357	
6.000000	3.956322	2.517963	4.738406	
6.000000	3.918492	2.504608	4.911573	
6.000000	4.013802	2.657620	5.099387	
6.000000	4.036152	2.663142	5.273205	
6.000000	3.999442	2.634269	5.446046	
6.000000	4.012453	2.689092	5.639719	
6.000000	4.037736	2.759451	5.803121	
6.000000	3.972276	2.628658	5.873429	
6.000000	3.966322	2.715298	5.871151	
6.000000	3.994875	2.774391	5.879939	
6.000000	4.045863	2.785957	5.867896	
6.000000	3.955444	2.672198	5.863339	
6.000000	3.947277	2.737056	5.874080	
6.000000	4.015506	2.737453	5.875057	
6.000000	4.003637	2.728720	5.873104	
6.000000	4.067100	2.692473	5.859433	
6.000000	3.913812	2.676418	5.875382	
6.000000	4.025456	2.759722	5.874406	
6.000000	3.977873	2.714427	5.873755	
6.000000	3.994658	2.717454	5.860409	
6.000000	3.950681	2.724112	5.867570	
6.000000	4.075860	2.713050	5.874080	
6.000000	3.966657	2.718792	5.864966	
6.000000	3.929302	2.674641	5.879939	
6.000000	4.024711	2.775848	5.873755	
6.000000	4.089830	2.761618	5.866268	
6.000000	3.944188	2.692774	5.864641	
6.000000	3.963779	2.716100	5.871802	
6.000000	3.974993	2.754115	5.875057	
6.000000	3.955950	2.751577	5.874731	
6.000000	4.054919	2.772153	5.879288	
6.000000	3.982405	2.764992	5.868872	
6.000000	3.998271	2.789720	5.871476	
6.000000	4.053712	2.755530	5.884496	
6.000000	3.979834	2.711521	5.890030	
6.000000	3.989269	2.706046	5.862362	
6.000000	4.049753	2.761776	5.868221	
6.000000	4.031375	2.768179	5.894261	
6.000000	4.018256	2.741339	5.868221	
6.000000	4.059658	2.769347	5.878312	
6.000000	4.004167	2.782753	5.878312	
6.000000	4.035401	2.828472	5.861386	
6.000000	3.947417	2.734173	5.870825	
6.000000	4.001345	2.715599	5.864966	
6.000000	3.939233	2.789503	5.869198	
6.000000	3.974132	2.714026	5.875057	
6.000000	3.970852	2.677719	5.871151	
6.000000	3.997259	2.737409	5.873429	
6.000000	3.975978	2.710123	5.873429	
2.000000	3.997249	2.744623	5.867570	
2.000000	4.109863	2.784735	5.776104	
2.000000	3.932786	2.735439	5.641672	
2.000000	3.982803	2.738583	5.465251	
2.000000	3.962372	2.770828	5.286876	
2.000000	3.997088	2.714475	5.120219	
2.000000	4.062526	2.725704	4.941519	
2.000000	4.028238	2.807238	4.766725	
2.000000	3.952882	2.693544	4.578911	
2.000000	4.015788	2.699703	4.413231	
2.000000	3.972363	2.566546	4.225742	
2.000000	3.986099	2.591152	4.029790	
2.000000	4.002506	2.548736	3.867691	
2.000000	3.974346	2.541522	3.672716	
2.000000	3.979589	2.448162	3.483274	
2.000000	4.036988	2.410430	3.299366	
2.000000	4.023082	2.402279	3.131733	
2.000000	3.974425	2.347255	2.962472	
2.000000	3.899374	2.379206	2.785399	
2.000000	3.925225	2.298725	2.631763	
2.000000	3.903562	2.182322	2.457294	
2.000000	3.847497	2.101086	2.318631	
2.000000	3.806442	2.029340	2.149695	
2.000000	3.711717	1.900522	2.002569	
2.000000	3.808852	1.860824	1.921194	
2.000000	3.836776	1.947849	1.938771	
2.000000	3.748949	1.812569	1.922821	
2.000000	3.676471	1.770008	1.915660	
2.000000	3.732944	1.810981	1.929331	
2.000000	3.801354	1.968345	1.917613	
2.000000	3.831125	1.955018	1.921845	
2.000000	3.686597	1.849186	1.913056	
2.000000	3.770933	1.877117	1.929331	
2.000000	3.721351	1.820732	1.922821	
2.000000	3.815628	1.819921	1.924774	
2.000000	3.828523	1.953216	1.916311	
2.000000	3.777941	1.897212	1.926727	
2.000000	3.820586	1.780614	1.914358	
2.000000	3.734952	1.780268	1.925100	
2.000000	3.760007	1.793891	1.941700	
2.000000	3.780210	1.825485	1.921519	
2.000000	3.813892	1.770592	1.926402	
2.000000	3.725969	1.840862	1.933237	
2.000000	3.722232	1.839963	1.919892	
2.000000	3.750197	1.826062	1.919566	
2.000000	3.825819	1.768950	1.921519	
2.000000	3.825129	1.812528	1.920868	
2.000000	3.847204	1.822917	1.927704	
2.000000	3.763865	1.847679	1.923798	
2.000000	3.714384	1.910805	1.914684	
2.000000	3.838080	1.855342	1.922496	
2.000000	3.854041	1.966091	1.919241	
2.000000	3.698325	1.830507	1.935516	
2.000000	3.780089	1.752117	1.925425	
2.000000	3.778661	1.835880	1.932261	
2.000000	3.835941	1.976469	1.920217	
2.000000	3.850867	1.920001	1.926402	
6.000000	3.746177	1.885175	1.954069	
6.000000	3.707922	1.848064	1.985317	
6.000000	3.781779	1.819932	2.095662	
6.000000	3.917656	1.961788	2.252554	
6.000000	3.792398	1.851938	2.421163	
6.000000	3.790669	1.806677	2.575776	
6.000000	3.866931	1.986491	2.717695	
6.000000	3.845802	2.155037	2.899650	
6.000000	4.025171	2.219270	3.063052	
6.000000	3.884747	2.284751	3.250215	
6.000000	3.866131	2.321908	3.440633	
6.000000	3.935330	2.407799	3.624867	
6.000000	3.950332	2.390887	3.807799	
6.000000	3.953877	2.426439	3.968922	
6.000000	3.915846	2.465274	4.182125	
6.000000	4.106934	2.612600	4.357896	
6.000000	3.890069	2.516095	4.546686	
6.000000	3.856293	2.539616	4.741010	
6.000000	3.959241	2.647781	4.908969	
6.000000	3.986810	2.670327	5.095156	
6.000000	4.058730	2.677650	5.266044	
6.000000	4.029875	2.675559	5.437909	
6.000000	4.052930	2.767935	5.638743	
6.000000	3.976950	2.706271	5.807352	
6.000000	4.084059	2.737810	5.874080	
6.000000	4.038808	2.755345	5.875708	
6.000000	3.995221	2.732133	5.870825	
6.000000	3.940655	2.719859	5.877986	
6.000000	4.001242	2.748770	5.878312	
6.000000	4.096069	2.728768	5.874406	
6.000000	3.942636	2.721125	5.873429	
6.000000	3.917127	2.713484	5.870500	
6.000000	3.921297	2.748348	5.852597	
6.000000	3.978408	2.820314	5.880265	
6.000000	4.029684	2.706238	5.886775	
6.000000	3.979971	2.664786	5.858782	
6.000000	4.047947	2.701684	5.882218	
6.000000	3.928389	2.686088	5.870174	
6.000000	3.987606	2.692055	5.876359	
6.000000	3.911849	2.685362	5.874406	
6.000000	4.049966	2.739940	5.868872	
6.000000	3.972332	2.732280	5.867245	
6.000000	4.015685	2.737001	5.878637	
6.000000	3.978218	2.688532	5.871802	
6.000000	3.979712	2.757468	5.871476	
6.000000	3.957871	2.712148	5.869849	
6.000000	3.982016	2.720893	5.873104	
6.000000	3.939157	2.727480	5.872778	
6.000000	4.088461	2.737229	5.877010	
6.000000	4.066900	2.819751	5.870500	
6.000000	4.037166	2.767733	5.874406	
6.000000	3.988889	2.758629	5.868221	
6.000000	4.013273	2.780773	5.874731	
6.000000	3.996878	2.686871	5.877335	
6.000000	3.961178	2.707423	5.875708	
6.000000	4.039432	2.779814	5.872127	
2.000000	4.037384	2.791017	5.863013	
2.000000	4.043391	2.755902	5.862362	
2.000000	4.006214	2.708364	5.716538	
2.000000	3.965771	2.704992	5.526445	
2.000000	3.993432	2.704547	5.361741	
2.000000	3.909261	2.721459	5.191830	
2.000000	4.020607	2.741477	5.027777	
2.000000	4.032646	2.704044	4.850053	
2.000000	3.946351	2.691986	4.670051	
2.000000	3.979630	2.580507	4.492328	
2.000000	4.009040	2.604183	4.304188	
2.000000	3.905455	2.500944	4.118327	
2.000000	3.979825	2.557336	3.931163	
2.000000	3.968555	2.539780	3.744977	
2.000000	3.927307	2.560847	3.571810	
2.000000	4.069743	2.501061	3.400271	
2.000000	3.956200	2.455874	3.211155	
2.000000	3.905246	2.353335	3.051334	
2.000000	4.049301	2.351251	2.860265	
2.000000	3.848139	2.358645	2.686447	
2.000000	3.917988	2.243001	2.551689	
2.000000	3.849076	2.155535	2.381452	
2.000000	3.941334	2.162619	2.220655	
2.000000	3.832321	1.930846	2.059206	
2.000000	3.741956	1.829341	1.930959	
2.000000	3.703688	1.827643	1.915335	
2.000000	3.775892	1.943914	1.928355	
2.000000	3.870381	1.907555	1.918915	
2.000000	3.793367	1.942943	1.921845	
2.000000	3.709228	1.800026	1.909476	
2.000000	3.746010	1.883753	1.926402	
2.000000	3.842824	1.936495	1.921845	
2.000000	3.858496	1.865192	1.921194	
2.000000	3.793704	1.826850	1.920217	
2.000000	3.793002	1.898327	1.919892	
2.000000	3.831437	1.864466	1.918264	
2.000000	3.810543	1.823457	1.919892	
2.000000	3.741864	1.856632	1.920217	
2.000000	3.747197	1.873344	1.926076	
2.000000	3.785917	1.852576	1.919892	
2.000000	3.832943	1.919452	1.929982	
2.000000	3.815461	1.879306	1.924774	
2.000000	3.789672	1.813931	1.931935	
2.000000	3.671022	1.850966	1.922170	
2.000000	3.689725	1.879491	1.933237	
2.000000	3.786486	1.931861	1.925425	
2.000000	3.834005	1.928267	1.923147	
2.000000	3.773585	1.853807	1.923147	
2.000000	3.720082	1.848028	1.922170	
2.000000	3.886887	2.013507	1.932912	
2.000000	3.762953	1.823499	1.923147	
2.000000	3.707121	1.790455	1.929331	
2.000000	3.844089	1.861595	1.926076	
2.000000	3.784657	1.973004	1.932261	
2.000000	3.807235	1.875497	1.929657	
2.000000	3.791242	1.851189	1.934214	
2.000000	3.736249	1.769339	1.924449	
2.000000	3.746772	1.796631	1.926727	
2.000000	3.717753	1.903216	1.918915	
2.000000	3.793878	1.878524	1.921194	
2.000000	3.670749	1.868497	1.926076	
2.000000	3.810364	1.991675	1.928029	
2.000000	3.786923	1.931446	1.926402	
2.000000	3.668496	1.748318	1.923147	
2.000000	3.809465	1.953626	1.914684	
2.000000	3.774062	1.877158	1.927053	
2.000000	3.704771	1.818327	1.927704	
2.000000	3.806517	1.956411	1.923798	
2.000000	3.804799	1.896218	1.928680	
2.000000	3.701360	1.810631	1.924774	
2.000000	3.741825	1.886400	1.925100	
2.000000	3.781455	1.817554	1.923147	
2.000000	3.849199	1.970167	1.916311	
2.000000	3.706262	1.818516	1.926402	
2.000000	3.778663	1.761112	1.919566	
2.000000	3.776268	1.818038	1.919241	
2.000000	3.663406	1.901904	1.925751	
2.000000	3.826268	1.923981	1.915660	
2.000000	3.795140	1.944357	1.924449	
4.000000	3.823828	1.945366	1.923472	
4.000000	3.808091	1.762632	1.949187	
4.000000	3.814493	1.836471	1.973925	
4.000000	3.748548	1.843968	2.104451	
4.000000	3.675695	1.898434	2.254181	
4.000000	3.795241	1.874651	2.428324	
4.000000	3.892335	1.938884	2.582287	
4.000000	3.846018	1.923266	2.721927	
4.000000	3.831463	2.048184	2.898348	
4.000000	3.951907	2.299655	3.069236	
4.000000	3.922121	2.263429	3.245007	
4.000000	4.011642	2.389690	3.445841	
4.000000	3.892738	2.348718	3.631377	
4.000000	3.941844	2.382489	3.809426	
4.000000	3.975510	2.417054	3.868016	
4.000000	3.941311	2.431634	3.858577	
4.000000	3.921211	2.360409	3.867691	
4.000000	4.012880	2.472904	3.862157	
4.000000	3.981284	2.487449	3.854996	
4.000000	3.904988	2.432810	3.869318	
4.000000	3.874412	2.403467	3.863134	
4.000000	4.042241	2.500712	3.860204	
4.000000	3.951413	2.400825	3.852392	
4.000000	3.925926	2.435980	3.867040	
4.000000	3.951192	2.469649	3.861832	
4.000000	3.957115	2.484119	3.868016	
4.000000	3.988377	2.410905	3.861832	
4.000000	3.905755	2.380891	3.866389	
4.000000	3.873848	2.404701	3.865087	
4.000000	3.906303	2.444258	3.864110	
4.000000	3.923685	2.417478	3.869969	
4.000000	4.015366	2.491498	3.857275	
4.000000	3.996202	2.396437	3.859228	
4.000000	3.964758	2.454973	3.864436	
4.000000	3.937608	2.420916	3.862483	
4.000000	4.078330	2.483539	3.863785	
4.000000	3.934497	2.457870	3.858251	
4.000000	3.940511	2.470643	3.867691	
4.000000	3.963144	2.409740	3.859228	
4.000000	4.065146	2.531832	3.854020	
4.000000	4.033226	2.479602	3.870946	
4.000000	3.883759	2.410643	3.858577	
6.000000	4.022086	2.393305	3.914237	
6.000000	3.949797	2.478891	4.116374	
6.000000	3.938714	2.487831	4.309396	
6.000000	4.006531	2.589916	4.472472	
6.000000	4.022197	2.562256	4.686001	
6.000000	3.975331	2.633386	4.849402	
6.000000	3.994815	2.629870	5.027452	
6.000000	3.994822	2.605987	5.205501	
6.000000	4.049811	2.698653	5.379318	
6.000000	4.004741	2.794413	5.563552	
6.000000	3.986983	2.735977	5.738346	
6.000000	3.951534	2.715858	5.872453	
6.000000	3.980271	2.766954	5.888728	
6.000000	4.012146	2.798319	5.873755	
6.000000	4.042127	2.739953	5.882543	
6.000000	3.996385	2.777619	5.873429	
6.000000	3.957232	2.697750	5.874080	
6.000000	3.996267	2.741675	5.857154	
6.000000	4.045840	2.745735	5.872127	
6.000000	3.933997	2.746834	5.879288	
6.000000	3.974839	2.821531	5.872453	
6.000000	3.972282	2.736980	5.876684	
6.000000	4.015663	2.733982	5.875382	
6.000000	4.001370	2.745723	5.876033	
6.000000	3.969044	2.713163	5.872778	
4.000000	4.052999	2.769710	5.871151	
4.000000	4.060880	2.796085	5.863990	
4.000000	4.001225	2.736661	5.731185	
4.000000	4.016938	2.734194	5.544998	
4.000000	3.948984	2.761878	5.374110	
4.000000	4.003027	2.736574	5.195085	
4.000000	3.934399	2.686742	5.031683	
4.000000	4.015609	2.644128	4.846147	
4.000000	4.035175	2.675071	4.686977	
4.000000	4.004165	2.644853	4.478331	
4.000000	3.992651	2.601484	4.291819	
4.000000	3.927498	2.575199	4.120931	
4.000000	3.955349	2.527930	3.947113	
4.000000	4.033557	2.661811	3.926281	
4.000000	3.921743	2.593339	3.931489	
4.000000	3.983758	2.598702	3.937022	
4.000000	3.986707	2.507685	3.940603	
4.000000	3.906193	2.510471	3.935720	
4.000000	4.021736	2.593249	3.936046	
4.000000	4.005228	2.577169	3.940929	
4.000000	4.113342	2.647958	3.935395	
4.000000	3.937108	2.528472	3.937022	
4.000000	3.931312	2.545605	3.939301	
4.000000	4.013819	2.598631	3.936371	
4.000000	4.041964	2.562477	3.935720	
4.000000	3.998906	2.620814	3.941580	
4.000000	3.979999	2.563870	3.935069	
4.000000	3.944578	2.596672	3.937673	
4.000000	3.929870	2.549001	3.944835	
4.000000	3.960975	2.567611	3.935720	
4.000000	3.990513	2.564906	3.932791	
2.000000	3.971356	2.529135	3.873550	
2.000000	3.914925	2.551270	3.678249	
2.000000	3.907264	2.429615	3.511592	
2.000000	3.889133	2.400460	3.319872	
2.000000	3.945016	2.383989	3.134337	
2.000000	4.012137	2.409760	2.971586	
2.000000	3.910832	2.291130	2.787678	
2.000000	3.900212	2.176731	2.633065	
2.000000	3.883630	2.284417	2.489844	
2.000000	3.891388	2.202894	2.315701	
2.000000	3.766476	1.931675	2.146766	
2.000000	3.823218	1.891799	2.006149	
2.000000	3.753199	1.882907	1.925425	
2.000000	3.766424	1.743199	1.925425	
2.000000	3.829625	1.873340	1.921519	
2.000000	3.724209	1.839148	1.920868	
2.000000	3.735860	1.789980	1.929982	
2.000000	3.837055	1.950313	1.925751	
2.000000	3.704050	1.814082	1.925751	
2.000000	3.792362	1.909957	1.918264	
2.000000	3.746575	1.760663	1.921519	
2.000000	3.787326	1.852817	1.924774	
2.000000	3.760844	1.871644	1.933888	
2.000000	3.776323	1.847367	1.937794	
2.000000	3.721923	1.769207	1.921194	
2.000000	3.798203	1.816517	1.921519	
2.000000	3.798095	1.841576	1.918590	
2.000000	3.900876	2.017164	1.929006	
2.000000	3.774119	1.909127	1.920217	
2.000000	3.731174	1.869857	1.923147	
2.000000	3.748441	1.803659	1.920543	
2.000000	3.753957	1.842752	1.921194	
2.000000	3.779858	1.917747	1.937143	
5.000000	3.798055	1.872336	1.922496	
5.000000	3.869767	1.950957	1.944955	
5.000000	3.780211	1.825969	1.982062	
5.000000	3.765416	1.842797	2.114216	
5.000000	3.700299	1.756888	2.266550	
5.000000	3.686691	1.786638	2.399680	
5.000000	3.832125	1.983917	2.588146	
5.000000	3.910052	1.967383	2.721927	
5.000000	3.882928	2.110897	2.900952	
5.000000	3.926999	2.172647	3.060773	
5.000000	4.003646	2.304128	3.252493	
5.000000	3.994360	2.346196	3.444539	
5.000000	3.919575	2.303280	3.620635	
5.000000	3.917398	2.402561	3.826027	
5.000000	3.919406	2.434317	3.977385	
5.000000	3.952805	2.453133	4.191890	
5.000000	3.966704	2.510957	4.357245	
5.000000	4.044175	2.600876	4.559055	
5.000000	4.009692	2.590346	4.732873	
5.000000	3.996418	2.615553	4.866003	
5.000000	3.943571	2.639466	4.873489	
5.000000	4.010364	2.560514	4.869583	
5.000000	3.934278	2.557763	4.869583	
5.000000	4.027224	2.606294	4.866654	
5.000000	3.939302	2.574762	4.866979	
5.000000	3.993029	2.620738	4.869583	
5.000000	4.050436	2.604599	4.874140	
5.000000	4.068120	2.598333	4.871536	
5.000000	3.893733	2.622230	4.866003	
5.000000	4.039401	2.685297	4.861120	
5.000000	4.046905	2.627263	4.874140	
5.000000	4.114063	2.644334	4.869583	
5.000000	3.946519	2.586092	4.875442	
5.000000	3.937919	2.601714	4.868607	
5.000000	3.970234	2.617425	4.866328	
5.000000	4.064041	2.686989	4.862748	
5.000000	3.972947	2.658174	4.875117	
5.000000	3.978417	2.583965	4.869909	
5.000000	3.977427	2.593747	4.863399	
5.000000	3.990543	2.614650	4.861771	
5.000000	3.990040	2.634387	4.862422	
5.000000	3.970811	2.627631	4.863073	
5.000000	3.999799	2.624002	4.866328	
5.000000	3.961022	2.613987	4.874791	
5.000000	4.001909	2.604208	4.868607	
5.000000	3.995904	2.652547	4.866328	
5.000000	3.991012	2.635927	4.879348	
5.000000	4.004231	2.613376	4.861771	
5.000000	4.025722	2.697731	4.865677	
5.000000	3.953934	2.591917	4.870885	
5.000000	3.990369	2.604271	4.880325	
5.000000	3.947233	2.592123	4.863399	
5.000000	3.975723	2.650328	4.873164	
5.000000	3.930599	2.561383	4.868281	
5.000000	3.944861	2.582740	4.865352	
5.000000	3.943492	2.603323	4.878697	
5.000000	4.077171	2.723240	4.869258	
5.000000	4.062994	2.682767	4.870234	
5.000000	3.937537	2.634788	4.865677	
5.000000	3.948803	2.567055	4.882278	
5.000000	3.984951	2.574113	4.860144	
5.000000	4.030290	2.583233	4.877395	
5.000000	4.049615	2.645342	4.868607	
5.000000	4.060599	2.624092	4.862422	
5.000000	4.020410	2.612933	4.868607	
5.000000	3.910022	2.599118	4.872187	
5.000000	3.972267	2.625389	4.869583	
3.000000	4.016830	2.675782	4.864701	
3.000000	4.074414	2.618736	4.868281	
3.000000	4.040353	2.710684	4.791789	
3.000000	4.005491	2.643156	4.626109	
3.000000	3.964378	2.567358	4.442200	
3.000000	3.958289	2.578871	4.274567	
3.000000	3.956214	2.545453	4.103028	
3.000000	3.944213	2.613173	3.894382	
3.000000	4.026474	2.574312	3.723819	
3.000000	3.991870	2.507212	3.550002	
3.000000	3.946157	2.449945	3.381392	
3.000000	4.040133	2.518279	3.196507	
3.000000	3.906431	2.398348	3.024968	
3.000000	3.906680	2.238650	2.935781	
3.000000	3.945467	2.303940	2.917878	
3.000000	3.977888	2.346428	2.932200	
3.000000	3.893930	2.267994	2.925365	
3.000000	3.866252	2.307172	2.928620	
3.000000	3.874051	2.342750	2.923412	
3.000000	3.948806	2.306796	2.926667	
3.000000	3.940903	2.336665	2.922761	
3.000000	3.953863	2.358131	2.928620	
3.000000	3.973093	2.337410	2.921133	
3.000000	3.992873	2.389096	2.936432	
3.000000	3.916190	2.284267	2.947499	
3.000000	3.955596	2.375665	2.925039	
3.000000	3.904664	2.345391	2.926992	
3.000000	4.053367	2.493666	2.928620	
3.000000	3.860693	2.343824	2.929271	
3.000000	4.016907	2.452962	2.931549	
3.000000	3.968829	2.339603	2.925039	
3.000000	3.916195	2.352138	2.912670	
3.000000	3.846122	2.343971	2.932851	
3.000000	3.950800	2.339019	2.919506	
3.000000	4.041699	2.423226	2.929271	
3.000000	3.954761	2.329399	2.922435	
3.000000	4.008811	2.399933	2.927969	
